match_orbit
kkf =         0.7284993190 ;
kkd =        -0.7432321605 ;
