match_injection
kkf =    0.75168 ;
kkd =   -0.76786 ;
